============ PERFORMANCE COMPARISON; NOREADBACK  ====================
MatMul: 55.0162/19.3267 = 2.84664221
Jacobi: 0.776999/0.402197 = 1.931886613
KNearest: 18.9439/0.060467 = 313.29320125
Nbody: 141.55/18.7957 = 7.53097783
Laplace: 34.7006
GaussianDerivates: 0.216421
